
strategic_region={
	id=300
	name="STRATEGICREGION_300"
	provinces={
		12 208 256 257 270 282 286 297 324 325 326 345 353 368 376 380 392 433 483 578 3196 3197 3221 3224 3245 3246 3261 3266 3269 3276 3282 3285 3303 3304 3315 3316 3317 3334 3343 3349 3352 3360 3361 3371 3372 3382 3383 3426 3465 3477 3578 6149 6226 6231 6248 6253 6291 6294 6295 6299 6302 6307 6312 6327 6328 6329 6337 6343 6353 6357 6366 6370 6372 6374 6382 6391 6392 6394 6403 6409 6410 6450 6492 9244 9258 9259 9270 9276 9280 9286 9291 9298 9305 9307 9324 9325 9326 9338 9344 9352 9358 9360 9368 9373 9380 9381 9389 9390 9402 9407 9409 9460 9564 11240 11255 11262 11263 11269 11273 11275 11277 11286 11308 11309 11319 11324 11335 11340 11344 11356 11364 11373 11375 11387 11393 11394 11408 11449 11551 
	}
	weather={
	}
}
